1  1  -10.7249  -50.5770  0.910000  1  1  0
1  1  -30.9789  -42.4754  0.910000  1  1  0
1  1  -38.2703  -28.5870  0.910000  1  1  0
2  1  -27.1467  -38.5275  0.930000  1  1  0
2  1  -14.1842  -23.6232  0.930000  1  1  0
2  1  -33.8980  -19.2252  0.930000  1  1  0
3  1  -2.26090  -48.8791  1.04000  1  1  0
3  1  -28.5952  -42.9699  1.04000  1  1  0
3  1  -12.8589  -24.3561  1.04000  1  1  0
3  1  -39.5144  -17.5605  1.04000  1  1  0
4  1  -7.03423  -51.6058  1.08000  1  1  0
4  1  -27.1724  -47.4650  1.08000  1  1  0
4  1  -14.6729  -28.2398  1.08000  1  1  0
5  1  -21.9103  -45.4942  1.17000  1  1  0
5  1  -2.87074  -45.1723  1.17000  1  1  0
5  1  -6.23067  -27.4716  1.17000  1  1  0
5  1  -45.4298  -8.80532  1.17000  1  1  0
6  1  8.44092  -48.3775  1.32000  1  1  0
6  1  -28.0935  -43.5191  1.32000  1  1  0
6  1  -5.54138  -17.7324  1.32000  1  1  0
6  1  -41.6247  -6.52077  1.32000  1  1  0
7  1  18.1640  -40.8431  1.43000  1  1  0
7  1  -1.70287  -10.1656  1.43000  1  1  0
7  1  -34.6637  1.80608  1.43000  1  1  0
8  1  57.7815  30.6517  1.48000  1  1  0
8  1  42.3396  47.9771  1.48000  1  1  0
8  1  29.3358  51.9247  1.48000  1  1  0
9  1  18.3446  -60.6712  1.51000  1  1  0
9  1  -38.0050  -32.5739  1.51000  1  1  0
9  1  -35.9925  -17.2480  1.51000  1  1  0
10  1  5.90844  -58.4394  1.53000  1  1  0
10  1  -33.7091  -50.4411  1.53000  1  1  0
10  1  -9.36579  -20.4473  1.53000  1  1  0
10  1  -49.4607  -12.4490  1.53000  1  1  0
11  1  60.9807  29.3668  1.55000  1  1  0
11  1  38.4067  50.8818  1.55000  1  1  0
11  1  34.7262  51.7600  1.55000  1  1  0
12  1  27.3006  -30.4129  1.54000  1  1  0
12  1  -1.12353  0.968570  1.54000  1  1  0
12  1  -19.9395  9.33695  1.54000  1  1  0
13  1  11.8035  -56.4220  1.55000  1  1  0
13  1  -34.5325  -46.4135  1.55000  1  1  0
13  1  -45.1092  -9.58231  1.55000  1  1  0
14  1  55.3760  37.5932  1.56000  1  1  0
14  1  48.8672  46.8913  1.56000  1  1  0
14  1  25.5442  56.5770  1.56000  1  1  0
15  1  58.6658  22.0583  1.66000  1  1  0
15  1  35.5254  36.1772  1.66000  1  1  0
15  1  23.7922  48.8099  1.66000  1  1  0
16  1  46.8935  25.6695  1.67000  1  1  0
16  1  39.9970  28.7723  1.67000  1  1  0
16  1  13.6104  50.9349  1.67000  1  1  0
17  1  32.9702  -7.15721  1.86000  1  1  0
17  1  -13.1020  27.3252  1.86000  1  1  0
18  1  23.8835  -23.0231  1.94000  1  1  0
18  1  15.7485  -11.4072  1.94000  1  1  0
18  1  -36.1120  17.1043  1.94000  1  1  0
19  1  56.4495  46.5024  1.96000  1  1  0
19  1  55.0806  48.0277  1.96000  1  1  0
19  1  25.7868  62.0945  1.96000  1  1  0
20  1  63.6067  18.8904  1.99000  1  1  0
20  1  36.2294  39.1496  1.99000  1  1  0
20  1  38.1849  40.5185  1.99000  1  1  0
20  1  39.8145  45.4464  1.99000  1  1  0
20  1  25.1480  50.1006  1.99000  1  1  0
21  1  53.5293  24.9655  2.09000  1  1  0
21  1  39.0975  32.0836  2.09000  1  1  0
21  1  11.6419  54.8069  2.09000  1  1  0
22  1  -9.56904  7.17025  2.30000  1  1  0
22  1  -20.6634  11.2768  2.30000  1  1  0
23  1  46.1895  -18.0299  2.46000  1  1  0
23  1  6.63576  18.3428  2.46000  1  1  0
23  1  -9.28222  28.0422  2.46000  1  1  0
24  1  -22.6971  -50.8828  2.48000  1  1  0
24  1  14.8489  -42.2393  2.48000  1  1  0
24  1  9.56903  -22.9188  2.48000  1  1  0
24  1  -56.7233  10.6381  2.48000  1  1  0
25  1  25.6043  -58.7831  2.51000  1  1  0
25  1  -37.5070  -47.5975  2.51000  1  1  0
25  1  -46.0852  -0.312870  2.51000  1  1  0
26  1  -15.0967  -82.4319  2.53000  1  1  0
26  1  -48.8621  -68.4434  2.53000  1  1  0
26  1  -67.1136  -40.0883  2.53000  1  1  0
27  1  48.2754  7.13114  2.54000  1  1  0
27  1  31.8490  18.0430  2.54000  1  1  0
27  1  -2.82898  46.2025  2.54000  1  1  0
28  1  42.0569  -38.6021  2.66000  1  1  0
28  1  -6.58360  10.5989  2.66000  1  1  0
28  1  -19.4118  15.9049  2.66000  1  1  0
29  1  53.4119  -7.02684  2.68000  1  1  0
29  1  16.9088  23.5967  2.68000  1  1  0
29  1  1.39495  36.4510  2.68000  1  1  0
30  1  9.19096  -70.3337  2.75000  1  1  0
30  1  -40.6749  -62.6159  2.75000  1  1  0
30  1  -8.99542  -19.6856  2.75000  1  1  0
30  1  -61.2079  -11.9678  2.75000  1  1  0
31  1  3.83282  -75.9917  2.78000  1  1  0
31  1  -45.4986  -62.4856  2.78000  1  1  0
32  1  30.7539  -63.1113  2.83000  1  1  0
32  1  -42.1611  -42.7738  2.83000  1  1  0
32  1  -11.5246  -5.14955  2.83000  1  1  0
32  1  -43.3866  -3.11580  2.83000  1  1  0
33  1  30.1412  -43.8429  2.89000  1  1  0
33  1  -27.4556  -43.3605  2.89000  1  1  0
34  1  46.7892  9.03452  2.85000  1  1  0
34  1  34.9257  16.7784  2.85000  1  1  0
34  1  -6.14034  48.8099  2.85000  1  1  0
35  1  59.5784  9.73851  2.89000  1  1  0
35  1  31.2884  28.7462  2.89000  1  1  0
35  1  8.01765  50.5699  2.89000  1  1  0
36  1  43.0085  -27.8337  2.92000  1  1  0
36  1  -24.2616  25.5522  2.92000  1  1  0
37  1  51.5868  14.8098  2.93000  1  1  0
37  1  37.4418  23.2577  2.93000  1  1  0
37  1  -0.886500  53.5293  2.93000  1  1  0
38  1  -22.0453  -47.5062  2.93000  1  1  0
38  1  15.6442  -24.5223  2.93000  1  1  0
39  1  25.1350  -75.9917  3.08000  1  1  0
39  1  -20.5330  -23.8965  3.08000  1  1  0
39  1  -19.3206  -18.5905  3.08000  1  1  0
40  1  67.2962  5.37117  3.11000  1  1  0
40  1  27.2861  36.6987  3.11000  1  1  0
40  1  18.7991  45.8506  3.11000  1  1  0
41  1  -25.6435  -46.9717  3.16000  1  1  0
41  1  26.0997  -40.5576  3.16000  1  1  0
41  1  11.4072  -11.6940  3.16000  1  1  0
41  1  -50.5569  15.5660  3.16000  1  1  0
42  1  20.7546  -72.0285  3.28000  1  1  0
42  1  -50.1527  -48.6404  3.28000  1  1  0
42  1  -56.5407  -15.5921  3.28000  1  1  0
42  1  -11.1856  -14.0667  3.28000  1  1  0
43  1  46.3329  11.1465  3.27000  1  1  0
43  1  38.1197  16.4264  3.27000  1  1  0
43  1  -7.96550  51.2739  3.27000  1  1  0
44  1  -26.5430  -47.9495  3.24000  1  1  0
44  1  25.9824  -42.9042  3.24000  1  1  0
44  1  10.6902  -11.5115  3.24000  1  1  0
45  1  40.8835  -10.1948  3.27000  1  1  0
45  1  -24.3267  36.6857  3.27000  1  1  0
46  1  -36.7118  -85.8084  3.36000  1  1  0
46  1  -44.8598  -81.5715  3.36000  1  1  0
46  1  -72.8889  -48.9794  3.36000  1  1  0
47  1  43.4779  -29.1504  3.39000  1  1  0
47  1  10.6250  7.02684  3.39000  1  1  0
47  1  -28.0944  26.3214  3.39000  1  1  0
48  1  12.8543  -42.2915  3.33000  1  1  0
48  1  11.5767  -28.2769  3.33000  1  1  0
49  1  -28.7201  -46.0461  3.35000  1  1  0
49  1  30.6887  -45.0292  3.35000  1  1  0
49  1  7.05292  -5.87962  3.35000  1  1  0
49  1  -46.6067  14.9663  3.35000  1  1  0
50  1  68.5998  17.0652  3.38000  1  1  0
50  1  43.5039  50.8567  3.38000  1  1  0
50  1  17.9517  57.1926  3.38000  1  1  0
51  1  46.8805  -20.2984  3.46000  1  1  0
51  1  15.4878  10.7293  3.46000  1  1  0
51  1  -20.9502  32.6312  3.46000  1  1  0
52  1  44.6512  -29.6327  3.49000  1  1  0
52  1  9.45171  8.47393  3.49000  1  1  0
52  1  -26.3344  26.8037  3.49000  1  1  0
53  1  -10.2470  -86.9948  3.48000  1  1  0
53  1  -58.5484  -63.0592  3.48000  1  1  0
53  1  -68.2087  -45.4594  3.48000  1  1  0
54  1  31.9403  -66.3054  3.52000  1  1  0
54  1  -45.1857  -43.3214  3.52000  1  1  0
54  1  -45.8506  -3.76764  3.52000  1  1  0
55  1  26.6473  -73.0454  3.60000  1  1  0
55  1  -53.1381  -37.4548  3.60000  1  1  0
55  1  -53.8030  -19.6595  3.60000  1  1  0
55  1  -13.9103  -12.0330  3.60000  1  1  0
56  1  -45.5637  -51.6780  3.55000  1  1  0
56  1  -53.8682  -5.91872  3.55000  1  1  0
57  1  17.4433  -55.1328  3.53000  1  1  0
57  1  5.30599  -15.8919  3.53000  1  1  0
58  1  31.9403  -50.2831  3.60000  1  1  0
58  1  -32.5530  -48.1450  3.60000  1  1  0
58  1  3.35048  -4.31520  3.60000  1  1  0
58  1  -47.1803  11.7201  3.60000  1  1  0
59  1  -54.4418  -47.3759  3.68000  1  1  0
59  1  -59.7608  -20.9372  3.68000  1  1  0
60  1  -30.9103  -87.2555  3.65000  1  1  0
60  1  -46.4111  -80.0722  3.65000  1  1  0
60  1  -74.3882  -43.7777  3.65000  1  1  0
61  1  56.9970  0.547550  3.74000  1  1  0
61  1  -2.99846  47.4280  3.74000  1  1  0
62  1  -11.8896  -33.5177  3.92000  1  1  0
62  1  -70.5554  8.44786  3.92000  1  1  0
63  1  38.7064  33.0484  3.95000  1  1  0
63  1  46.3329  43.6082  3.95000  1  1  0
63  1  3.62423  59.8000  3.95000  1  1  0
64  1  42.0177  -31.0798  3.93000  1  1  0
64  1  12.6327  3.65031  3.93000  1  1  0
64  1  -34.6389  26.8037  3.93000  1  1  0
65  1  -38.5108  -54.3375  4.05000  1  1  0
65  1  -1.27762  -6.76613  4.05000  1  1  0
65  1  -53.1381  3.92408  4.05000  1  1  0
66  1  35.9165  -34.8735  4.26000  1  1  0
66  1  13.9755  -3.51995  4.26000  1  1  0
67  1  49.7486  2.64647  4.20000  1  1  0
67  1  32.6442  14.7707  4.20000  1  1  0
68  1  29.1764  -68.3782  4.38000  1  1  0
68  1  -47.5193  -49.3184  4.38000  1  1  0
68  1  -53.0469  -4.47163  4.38000  1  1  0
69  1  -48.5622  -75.1182  4.39000  1  1  0
69  1  -74.1274  -33.5959  4.39000  1  1  0
70  1  29.0070  18.3298  4.34000  1  1  0
70  1  -10.5468  47.8321  4.34000  1  1  0
71  1  -1.32975  -83.0968  4.33000  1  1  0
71  1  -70.5554  -24.7309  4.33000  1  1  0
72  1  42.0177  -53.5032  4.31000  1  1  0
72  1  -34.0001  -41.1703  4.31000  1  1  0
73  1  -22.0453  -26.5300  4.52000  1  1  0
73  1  -19.6335  -12.0982  4.52000  1  1  0
74  1  -20.3766  -48.9272  4.49000  1  1  0
74  1  -59.8000  21.4716  4.49000  1  1  0
75  1  15.0706  18.4080  4.56000  1  1  0
75  1  -13.0890  37.2202  4.56000  1  1  0
76  1  45.0423  -63.7501  4.51000  1  1  0
76  1  -37.8720  -34.6650  4.51000  1  1  0
77  1  37.3114  -19.3858  4.55000  1  1  0
77  1  -38.7064  32.6312  4.55000  1  1  0
78  1  38.4196  -52.9426  4.58000  1  1  0
78  1  -41.7309  12.6457  4.58000  1  1  0
79  1  34.9648  -73.9319  4.69000  1  1  0
79  1  -51.0783  -26.2823  4.69000  1  1  0
79  1  -50.3613  -19.5553  4.69000  1  1  0
80  1  74.8054  28.7853  4.80000  1  1  0
80  1  44.8988  62.3552  4.80000  1  1  0
80  1  29.1373  66.2662  4.80000  1  1  0
81  1  24.7960  36.1120  4.94000  1  1  0
81  1  14.7577  46.6197  4.94000  1  1  0
82  1  -32.8789  -52.3820  5.11000  1  1  0
82  1  31.6535  -52.3820  5.11000  1  1  0
82  1  5.84051  -5.29296  5.11000  1  1  0
82  1  -52.2386  13.2063  5.11000  1  1  0
83  1  47.8843  -38.5760  5.34000  1  1  0
83  1  5.08436  10.1948  5.34000  1  1  0
83  1  -30.0499  25.3306  5.34000  1  1  0
84  1  23.9356  -60.0346  5.45000  1  1  0
84  1  3.89801  -10.1687  5.45000  1  1  0
85  1  19.9333  -47.4410  5.80000  1  1  0
85  1  13.0238  -19.8681  5.80000  1  1  0
